0.5 0.599084
0.51745 0.625824
0.534899 0.650735
0.552349 0.673727
0.569799 0.694741
0.587248 0.713744
0.604698 0.730725
0.622148 0.745705
0.639597 0.758722
0.657047 0.769842
0.674497 0.779148
0.691946 0.786744
0.709396 0.79275
0.726846 0.797299
0.744295 0.800538
0.761745 0.802621
0.779195 0.80371
0.796644 0.803969
0.814094 0.803564
0.831544 0.802661
0.848993 0.80142
0.866443 0.799996
0.883893 0.798534
0.901342 0.797169
0.918792 0.796023
0.936242 0.795206
0.953691 0.794811
0.971141 0.794913
0.988591 0.795573
1.00604 0.796831
1.02349 0.79871
1.04094 0.801215
1.05839 0.804334
1.07584 0.808037
1.09329 0.812276
1.11074 0.816991
1.12819 0.822107
1.14564 0.827533
1.16309 0.833173
1.18054 0.838917
1.19799 0.84465
1.21544 0.850252
1.23289 0.855599
1.25034 0.860566
1.26779 0.86503
1.28523 0.868868
1.30268 0.871966
1.32013 0.874213
1.33758 0.875508
1.35503 0.875759
1.37248 0.874886
1.38993 0.87282
1.40738 0.869506
1.42483 0.864903
1.44228 0.858985
1.45973 0.851738
1.47718 0.843167
1.49463 0.833287
1.51208 0.82213
1.52953 0.80974
1.54698 0.796176
1.56443 0.781504
1.58188 0.765805
1.59933 0.749166
1.61678 0.731683
1.63423 0.713458
1.65168 0.694597
1.66913 0.675209
1.68658 0.655402
1.70403 0.635287
1.72148 0.61497
1.73893 0.594553
1.75638 0.574134
1.77383 0.553803
1.79128 0.533642
1.80872 0.513724
1.82617 0.494112
1.84362 0.474857
1.86107 0.456
1.87852 0.437569
1.89597 0.419579
1.91342 0.402035
1.93087 0.384927
1.94832 0.368237
1.96577 0.351932
1.98322 0.335973
2.00067 0.320307
2.01812 0.304878
2.03557 0.289618
2.05302 0.274457
2.07047 0.259317
2.08792 0.244121
2.10537 0.228788
2.12282 0.213238
2.14027 0.197391
2.15772 0.181172
2.17517 0.16451
2.19262 0.147338
2.21007 0.129597
2.22752 0.111238
2.24497 0.0922172
2.26242 0.072503
2.27987 0.0520735
2.29732 0.0309176
2.31477 0.00903546
2.33221 -0.0135615
2.34966 -0.0368507
2.36711 -0.0607988
2.38456 -0.0853618
2.40201 -0.110486
2.41946 -0.136108
2.43691 -0.162158
2.45436 -0.188556
2.47181 -0.21522
2.48926 -0.242059
2.50671 -0.268982
2.52416 -0.295893
2.54161 -0.322699
2.55906 -0.349304
2.57651 -0.375617
2.59396 -0.401548
2.61141 -0.427013
2.62886 -0.451935
2.64631 -0.476242
2.66376 -0.499872
2.68121 -0.52277
2.69866 -0.544893
2.71611 -0.566205
2.73356 -0.586683
2.75101 -0.606314
2.76846 -0.625097
2.78591 -0.643038
2.80336 -0.660158
2.82081 -0.676484
2.83826 -0.692054
2.8557 -0.706915
2.87315 -0.721121
2.8906 -0.73473
2.90805 -0.747808
2.9255 -0.760426
2.94295 -0.772654
2.9604 -0.784566
2.97785 -0.796236
2.9953 -0.807737
3.01275 -0.819137
3.0302 -0.830502
3.04765 -0.841893
3.0651 -0.853365
3.08255 -0.864964
3.1 -0.876729
