0.1 -0.644259
0.103344 -0.645984
0.106689 -0.647606
0.110033 -0.649124
0.113378 -0.65054
0.116722 -0.651853
0.120067 -0.653064
0.123411 -0.654173
0.126756 -0.655182
0.1301 -0.656091
0.133445 -0.6569
0.136789 -0.657609
0.140134 -0.65822
0.143478 -0.658734
0.146823 -0.65915
0.150167 -0.659471
0.153512 -0.659696
0.156856 -0.659826
0.160201 -0.659862
0.163545 -0.659806
0.16689 -0.659657
0.170234 -0.659418
0.173579 -0.659088
0.176923 -0.658669
0.180268 -0.658163
0.183612 -0.657569
0.186957 -0.656889
0.190301 -0.656124
0.193645 -0.655276
0.19699 -0.654345
0.200334 -0.653332
0.203679 -0.65224
0.207023 -0.651068
0.210368 -0.649818
0.213712 -0.648492
0.217057 -0.647091
0.220401 -0.645615
0.223746 -0.644067
0.22709 -0.642448
0.230435 -0.640758
0.233779 -0.639
0.237124 -0.637175
0.240468 -0.635284
0.243813 -0.633328
0.247157 -0.63131
0.250502 -0.62923
0.253846 -0.62709
0.257191 -0.624891
0.260535 -0.622636
0.26388 -0.620324
0.267224 -0.617959
0.270569 -0.61554
0.273913 -0.613071
0.277258 -0.610553
0.280602 -0.607986
0.283946 -0.605373
0.287291 -0.602715
0.290635 -0.600013
0.29398 -0.59727
0.297324 -0.594486
0.300669 -0.591664
0.304013 -0.588805
0.307358 -0.585911
0.310702 -0.582982
0.314047 -0.580022
0.317391 -0.57703
0.320736 -0.574009
0.32408 -0.570961
0.327425 -0.567887
0.330769 -0.564788
0.334114 -0.561667
0.337458 -0.558524
0.340803 -0.555362
0.344147 -0.552181
0.347492 -0.548984
0.350836 -0.545771
0.354181 -0.542546
0.357525 -0.539308
0.36087 -0.53606
0.364214 -0.532802
0.367559 -0.529538
0.370903 -0.526267
0.374247 -0.522992
0.377592 -0.519714
0.380936 -0.516434
0.384281 -0.513154
0.387625 -0.509876
0.39097 -0.5066
0.394314 -0.503329
0.397659 -0.500063
0.401003 -0.496803
0.404348 -0.493553
0.407692 -0.490311
0.411037 -0.487081
0.414381 -0.483863
0.417726 -0.480658
0.42107 -0.477469
0.424415 -0.474295
0.427759 -0.471138
0.431104 -0.468
0.434448 -0.464882
0.437793 -0.461784
0.441137 -0.458709
0.444482 -0.455656
0.447826 -0.452628
0.451171 -0.449625
0.454515 -0.446648
0.45786 -0.443699
0.461204 -0.440778
0.464548 -0.437887
0.467893 -0.435025
0.471237 -0.432195
0.474582 -0.429398
0.477926 -0.426633
0.481271 -0.423902
0.484615 -0.421206
0.48796 -0.418546
0.491304 -0.415921
0.494649 -0.413334
0.497993 -0.410785
0.501338 -0.408275
0.504682 -0.405803
0.508027 -0.403372
0.511371 -0.400981
0.514716 -0.398631
0.51806 -0.396323
0.521405 -0.394057
0.524749 -0.391834
0.528094 -0.389653
0.531438 -0.387517
0.534783 -0.385425
0.538127 -0.383377
0.541472 -0.381374
0.544816 -0.379416
0.548161 -0.377504
0.551505 -0.375638
0.554849 -0.373818
0.558194 -0.372044
0.561538 -0.370316
0.564883 -0.368636
0.568227 -0.367002
0.571572 -0.365415
0.574916 -0.363876
0.578261 -0.362383
0.581605 -0.360938
0.58495 -0.35954
0.588294 -0.358189
0.591639 -0.356885
0.594983 -0.355629
0.598328 -0.354419
0.601672 -0.353257
0.605017 -0.352141
0.608361 -0.351072
0.611706 -0.350049
0.61505 -0.349073
0.618395 -0.348142
0.621739 -0.347257
0.625084 -0.346418
0.628428 -0.345624
0.631773 -0.344874
0.635117 -0.344169
0.638462 -0.343508
0.641806 -0.34289
0.645151 -0.342316
0.648495 -0.341784
0.651839 -0.341295
0.655184 -0.340848
0.658528 -0.340441
0.661873 -0.340076
0.665217 -0.339751
0.668562 -0.339465
0.671906 -0.339218
0.675251 -0.33901
0.678595 -0.33884
0.68194 -0.338707
0.685284 -0.33861
0.688629 -0.338549
0.691973 -0.338523
0.695318 -0.338532
0.698662 -0.338574
0.702007 -0.33865
0.705351 -0.338757
0.708696 -0.338896
0.71204 -0.339066
0.715385 -0.339265
0.718729 -0.339494
0.722074 -0.339751
0.725418 -0.340035
0.728763 -0.340346
0.732107 -0.340682
0.735452 -0.341044
0.738796 -0.341429
0.74214 -0.341838
0.745485 -0.342269
0.748829 -0.342721
0.752174 -0.343194
0.755518 -0.343686
0.758863 -0.344197
0.762207 -0.344725
0.765552 -0.345271
0.768896 -0.345832
0.772241 -0.346408
0.775585 -0.346999
0.77893 -0.347602
0.782274 -0.348218
0.785619 -0.348844
0.788963 -0.349482
0.792308 -0.350128
0.795652 -0.350783
0.798997 -0.351445
0.802341 -0.352114
0.805686 -0.352789
0.80903 -0.353468
0.812375 -0.35415
0.815719 -0.354836
0.819064 -0.355524
0.822408 -0.356212
0.825753 -0.356901
0.829097 -0.357588
0.832441 -0.358274
0.835786 -0.358958
0.83913 -0.359637
0.842475 -0.360313
0.845819 -0.360983
0.849164 -0.361646
0.852508 -0.362303
0.855853 -0.362952
0.859197 -0.363592
0.862542 -0.364223
0.865886 -0.364843
0.869231 -0.365452
0.872575 -0.366049
0.87592 -0.366633
0.879264 -0.367203
0.882609 -0.367759
0.885953 -0.368301
0.889298 -0.368826
0.892642 -0.369335
0.895987 -0.369826
0.899331 -0.3703
0.902676 -0.370755
0.90602 -0.37119
0.909365 -0.371606
0.912709 -0.372001
0.916054 -0.372375
0.919398 -0.372727
0.922742 -0.373056
0.926087 -0.373363
0.929431 -0.373645
0.932776 -0.373904
0.93612 -0.374138
0.939465 -0.374348
0.942809 -0.374531
0.946154 -0.374688
0.949498 -0.374819
0.952843 -0.374923
0.956187 -0.374999
0.959532 -0.375048
0.962876 -0.375068
0.966221 -0.37506
0.969565 -0.375023
0.97291 -0.374957
0.976254 -0.374861
0.979599 -0.374735
0.982943 -0.374579
0.986288 -0.374393
0.989632 -0.374177
0.992977 -0.37393
0.996321 -0.373651
0.999666 -0.373342
1.00301 -0.373001
1.00635 -0.372629
1.0097 -0.372226
1.01304 -0.37179
1.01639 -0.371324
1.01973 -0.370825
1.02308 -0.370295
1.02642 -0.369732
1.02977 -0.369139
1.03311 -0.368513
1.03645 -0.367855
1.0398 -0.367166
1.04314 -0.366446
1.04649 -0.365694
1.04983 -0.36491
1.05318 -0.364096
1.05652 -0.36325
1.05987 -0.362374
1.06321 -0.361466
1.06656 -0.360528
1.0699 -0.35956
1.07324 -0.358562
1.07659 -0.357535
1.07993 -0.356477
1.08328 -0.355391
1.08662 -0.354275
1.08997 -0.353131
1.09331 -0.351959
1.09666 -0.350759
1.1 -0.349531
