0.1 0.0386427
0.108861 0.0523458
0.117722 0.0659982
0.126582 0.0795781
0.135443 0.0930671
0.144304 0.10645
0.153165 0.119714
0.162025 0.132851
0.170886 0.145852
0.179747 0.158714
0.188608 0.171436
0.197468 0.184016
0.206329 0.196456
0.21519 0.208761
0.224051 0.220933
0.232911 0.23298
0.241772 0.244906
0.250633 0.25672
0.259494 0.268427
0.268354 0.280034
0.277215 0.291549
0.286076 0.302977
0.294937 0.314324
0.303797 0.325595
0.312658 0.336794
0.321519 0.347925
0.33038 0.358988
0.339241 0.369986
0.348101 0.380919
0.356962 0.391784
0.365823 0.402581
0.374684 0.413304
0.383544 0.423952
0.392405 0.434517
0.401266 0.444996
0.410127 0.45538
0.418987 0.465664
0.427848 0.47584
0.436709 0.4859
0.44557 0.495836
0.45443 0.505642
0.463291 0.515309
0.472152 0.524831
0.481013 0.534199
0.489873 0.543409
0.498734 0.552455
0.507595 0.56133
0.516456 0.570031
0.525316 0.578555
0.534177 0.586898
0.543038 0.595059
0.551899 0.603036
0.560759 0.610829
0.56962 0.618438
0.578481 0.625866
0.587342 0.633112
0.596203 0.640181
0.605063 0.647073
0.613924 0.653794
0.622785 0.660346
0.631646 0.666734
0.640506 0.67296
0.649367 0.679029
0.658228 0.684945
0.667089 0.690712
0.675949 0.696332
0.68481 0.701808
0.693671 0.707143
0.702532 0.712339
0.711392 0.717397
0.720253 0.722318
0.729114 0.727102
0.737975 0.731749
0.746835 0.736257
0.755696 0.740625
0.764557 0.74485
0.773418 0.748929
0.782278 0.75286
0.791139 0.756637
0.8 0.760256
